colormap.map

# Qwerty

 0  0  0  1
 0  0  0  0
 0  0  0  0
 0  0  0  0
 0  0  0  0
 0  0  0  0
 0  0  0  0
 0  0  0  0

 0  0  0  0
 0  0  0  0
 0  0  0  0
 0  0  0  0
 0  0  0  0
 0  0  0  0
 0  0  0  0
 0  0  0  0

 # Colemak

 0  0  0  2
 0  0  0  0
 0  0  0  0
 0  0  0  0
 0  0  0  0
 0  0  0  0
 0  0  0  0
 0  0  0  0

 0  0  0  0
 0  0  0  0
 0  0  0  0
 0  0  0  0
 0  0  0  0
 0  0  0  0
 8  8  5  0
 0  0  0  0

# Game

 0  0  0  3
 0  0  8  0
 0  8  8  0
 0  0  8  0
 0  0  0  0
 0  0  0  0
 5  8  8  0
 0  0  0  0

 0  0  0  0
 0  0  8  0
 0  0  8  8
 0  0  8  0
 0  0  0  0
 0  0  0  0
 0  0  0  0
 0  0  0  0

# GameFcn

 2  2  7  3
 1  0  5  0
 0  5  0  1
 1  0  5  0
 0  5  0  1
 1  0  5  0
 0  5  0  0
 0  0  0  0

 0  0  0  0
 0  0  0  0
 0  8  0  1
 1  8  8  8
 8  8  8  1
 1  8  8  8
 0  0  0  1
 0  0  0  0

# Arw Game

 0  0  0  4
 0  0  8  0
 0  8  8  0
 0  0  8  0
 0  0  0  0
 0  0  0  0
 5  8  8  0
 0  0  0  0

 0  0  0  0
 0  0  0  0
 0  0  0  0
 0  0  0  0
 0  0  0  0
 0  0  0  0
 0  0  0  0
 0  0  0  0

# Function

 0  0  0  0
 7  0  4  4
 4  3  5  7
 7  4  4  4
 4  3  5  7
 7  0  4  4
 8  0  0  0
 0  0  0  0

 0  0  0  6
 0  9  0  8
 0  0  0  7
 7  3  3  4
 4  4  4  7
 7  3  3  4
 0  4  0  7
 7  7  3  0

 # Numpad

 0  0  0  0
 0  2  8  0
 0  8  1  0
 0  1  8  0
 0  8  1  0
 0  0  0  0
 4  0  0  0
 0  0  0  0

 0  0  0  0
 0  0  0  5
 2  2  2  0
 0  6  1  2
 2  1  1  0
 0  6  1  2
 0  0  6  0
 0  0  9  0


 # Laysel

 0  0  0  0
 0  1  0  0
 0  0  2  0
 0  3  0  0
 0  0  4  0
 0  0  0  0
 0  0  0  0
 0  0  0  0

 0  0  0  0
 0  0  0  0
 0  0  0  0
 0  0  1  0
 0  1  0  0
 0  0  1  0
 0  0  0  0
 0  0  0  0
